##
#counts
3378
3677
3355
3590
3310
3674
3550
3367
3500
3693
3605
3602
3419
3372
3581
3447
3411
3549
3458
3670
3533
3583
3673
3479
3474
3445
3446
3586
3512
3717
3515
3570
3632
3672
3606
3639
3667
3762
3557
3479
3602
3546
3467
3614
3559
3410
3786
3468
3624
3819
3754
3384
3460
3404
3457
3760
3744
3373
3429
3699
3620
3475
3537
3605
3542
3603
3624
3791
3711
3446
3476
3488
3540
3791
3526
3407
3473
3667
3620
3498
3674
3783
3806
3551
3565
3871
3602
3858
3487
3648
3576
3395
3680
3590
3704
3696
3513
3508
3512
3617
